humanoid_root
sacroiliac
0.0 0.0 0.9724100232124329
l_hip
0.1264999955892563 9.999999747378752e-05 0.9750000238418579
l_knee
0.12599995732307434 -0.07069998979568481 0.5604000091552734
l_talocrural
0.12149996310472488 -0.07979998737573624 0.07109996676445007
l_metatarsophalangeal_2
0.1403999775648117 0.022700021043419838 0.043600037693977356
l_tarsal_distal_interphalangeal_2
0.1549999713897705 0.08989998698234558 0.031200040131807327
r_hip
-0.10869999974966049 0.0010999999940395355 0.9778000116348267
r_knee
-0.13609999418258667 -0.029900001361966133 0.5767999291419983
r_talocrural
-0.15680000185966492 -0.05000000074505806 0.09329986572265625
r_metatarsophalangeal_2
-0.17389999330043793 0.03169999644160271 0.042099952697753906
r_tarsal_distal_interphalangeal_2
-0.1868000030517578 0.14000001549720764 0.029599953442811966
vl5
0.0013299999991431832 -0.005739999935030937 1.0796699523925781
vl3
0.0013800000306218863 -0.01072000153362751 1.1687002182006836
vt12
0.001980000175535679 -0.01565999910235405 1.257000207901001
vt9
0.002600000472739339 -0.01640000008046627 1.3455002307891846
vt4
0.0016400006134063005 -0.0284000001847744 1.4360002279281616
vc7
0.00030000030528753996 -0.05639999732375145 1.5510002374649048
vc3
-0.0018000002019107342 -0.05419999733567238 1.6200002431869507
skullbase
-0.0016999994404613972 -0.04119999706745148 1.8210002183914185
l_sternoclavicular
0.09160001575946808 -0.051899999380111694 1.458800196647644
l_shoulder
0.261400043964386 -0.051300011575222015 1.4468002319335938
l_elbow
0.28060004115104675 -0.07819999754428864 1.2040002346038818
l_radiocarpal
0.3207000195980072 -0.06069999188184738 0.9660002589225769
l_carpometacarpal_1
0.31380003690719604 -0.03518999367952347 0.9566002488136292
l_metacarpophalangeal_1
0.2971000373363495 -0.021759988740086555 0.9300002455711365
l_carpal_interphalangeal_1
0.2955000400543213 -0.013799987733364105 0.8924002647399902
l_carpometacarpal_2
0.32920002937316895 -0.0421999916434288 0.9474002122879028
l_metacarpophalangeal_2
0.3416000306606293 -0.03609999269247055 0.8905002474784851
l_carpal_proximal_interphalangeal_2
0.34870001673698425 -0.048399992287158966 0.8258002400398254
l_carpal_distal_interphalangeal_2
0.34710001945495605 -0.04509998857975006 0.8430002331733704
l_carpometacarpal_3
0.3280000388622284 -0.056899987161159515 0.9515002369880676
l_metacarpophalangeal_3
0.35010001063346863 -0.06219999119639397 0.8826002478599548
l_carpal_proximal_interphalangeal_3
0.36649999022483826 -0.07589999586343765 0.810100257396698
l_carpal_distal_interphalangeal_3
0.35920000076293945 -0.06879999488592148 0.8441002368927002
l_carpometacarpal_4
0.3361000418663025 -0.07489999383687973 0.9535002112388611
l_metacarpophalangeal_4
0.35630002617836 -0.08629999309778214 0.9004002213478088
l_carpal_proximal_interphalangeal_4
0.36560001969337463 -0.0973999947309494 0.8534002304077148
l_carpal_distal_interphalangeal_4
0.3655000329017639 -0.10009999573230743 0.8302002549171448
l_carpometacarpal_5
0.3287000060081482 -0.09179998934268951 0.955400288105011
l_metacarpophalangeal_5
0.3522000014781952 -0.10429999232292175 0.902900218963623
l_carpal_proximal_interphalangeal_5
0.36149999499320984 -0.11429999768733978 0.8729002475738525
l_carpal_distal_interphalangeal_5
0.36500000953674316 -0.11949999630451202 0.8570002317428589
r_sternoclavicular
-0.09450001269578934 -0.04560000076889992 1.4650002717971802
r_shoulder
-0.25450000166893005 -0.04280000925064087 1.46690034866333
r_elbow
-0.26520001888275146 -0.08260000497102737 1.2360002994537354
r_radiocarpal
-0.31950002908706665 -0.05399999022483826 0.9880003929138184
r_carpometacarpal_1
-0.31060004234313965 -0.024499988183379173 0.9603003859519958
r_metacarpophalangeal_1
-0.3003999888896942 -0.0022000018507242203 0.9283003807067871
r_carpal_interphalangeal_1
-0.2978000044822693 -0.01359998993575573 0.8873003721237183
r_carpometacarpal_2
-0.32290002703666687 -0.03439999371767044 0.9597004055976868
r_metacarpophalangeal_2
-0.3452000319957733 -0.036199986934661865 0.8828004002571106
r_carpal_proximal_interphalangeal_2
-0.3540000319480896 -0.04059998691082001 0.8454003930091858
r_carpal_distal_interphalangeal_2
-0.35530003905296326 -0.043899986892938614 0.8218004107475281
r_carpometacarpal_3
-0.32940003275871277 -0.04759999364614487 0.9674004316329956
r_metacarpophalangeal_3
-0.3526000380516052 -0.060899995267391205 0.8886004090309143
r_carpal_proximal_interphalangeal_3
-0.3623000383377075 -0.06800000369548798 0.8459004163742065
r_carpal_distal_interphalangeal_3
-0.3693000376224518 -0.07329998910427094 0.8170003890991211
r_carpometacarpal_4
-0.3329000174999237 -0.06339999288320541 0.9656004309654236
r_metacarpophalangeal_4
-0.3531000316143036 -0.07940000295639038 0.8977004289627075
r_carpal_proximal_interphalangeal_4
-0.36420002579689026 -0.09149999916553497 0.8561004400253296
r_carpal_distal_interphalangeal_4
-0.371800035238266 -0.09510000050067902 0.8341004252433777
r_carpometacarpal_5
-0.3312000334262848 -0.09179998934268951 0.9537004232406616
r_metacarpophalangeal_5
-0.35110002756118774 -0.1039000079035759 0.9031004309654236
r_carpal_proximal_interphalangeal_5
-0.3558000326156616 -0.10930000990629196 0.8844004273414612
r_carpal_distal_interphalangeal_5
-0.3619000315666199 -0.11570000648498535 0.8635004162788391
