Skeleton
0.0 0.0 -1.1832913578315177e-30
humanoid_root
0.0 0.0 -1.1832913578315177e-30
sacroiliac
-0.002411311026662588 -1.9518107175827026 0.010384867899119854
l_hip
-0.24026544392108917 194.4794464111328 1.0347557067871094
l_knee
25.286602020263672 -0.03770807757973671 -0.8744957447052002
l_talocrural
-4.76837158203125e-07 42.06159210205078 -2.86102294921875e-06
l_metatarsophalangeal_2
-8.58306884765625e-06 48.94594955444336 -3.933906555175781e-06
l_tarsal_distal_interphalangeal_2
1.430511474609375e-06 10.781702995300293 -4.76837158203125e-07
r_hip
-0.24026544392108917 194.4794464111328 1.0347557067871094
r_knee
-14.852758407592773 -0.37253206968307495 10.217832565307617
r_talocrural
-1.0132789611816406e-06 40.31629180908203 -5.364418029785156e-07
r_metatarsophalangeal_2
4.76837158203125e-07 48.42741394042969 -1.239776611328125e-05
r_tarsal_distal_interphalangeal_2
-5.4836273193359375e-06 9.794259071350098 -9.5367431640625e-06
vl5
-0.002411311026662588 -1.9518107175827026 0.010384867899119854
vl3
9.171380099814996e-09 107.96925354003906 -4.6384656116060796e-08
vt12
1.1920928955078125e-07 8.915872573852539 -5.438923835754395e-07
vt9
2.2351741790771484e-08 8.854147911071777 -6.370246410369873e-07
vt4
-1.043081283569336e-07 8.848970413208008 -1.952052116394043e-06
l_sternoclavicular
2.5331974029541016e-07 9.21773624420166 1.9744038581848145e-07
l_shoulder
9.272701263427734 -6.365297317504883 -2.78346586227417
l_elbow
2.384185791015625e-06 17.02173614501953 -6.67572021484375e-06
l_radiocarpal
5.9604644775390625e-06 24.439556121826172 -2.384185791015625e-07
l_carpometacarpal_1
2.384185791015625e-06 24.263221740722656 -3.3676624298095703e-06
l_metacarpophalangeal_1
-1.0251998901367188e-05 2.82002329826355 -1.6689300537109375e-06
l_carpal_interphalangeal_1
2.5033950805664062e-06 3.634639263153076 -5.245208740234375e-06
l_carpometacarpal_2
2.384185791015625e-06 24.263221740722656 -3.3676624298095703e-06
l_metacarpophalangeal_2
0.32997405529022217 2.8097994327545166 1.8963308334350586
l_carpal_proximal_interphalangeal_2
1.430511474609375e-06 7.221649169921875 1.1920928955078125e-06
l_carpal_distal_interphalangeal_2
1.430511474609375e-06 4.007379531860352 1.430511474609375e-06
l_carpometacarpal_3
2.384185791015625e-06 24.263221740722656 -3.3676624298095703e-06
l_metacarpophalangeal_3
0.2992314100265503 -0.34453892707824707 -0.07235431671142578
l_carpal_proximal_interphalangeal_3
2.384185791015625e-06 7.332087993621826 -1.0013580322265625e-05
l_carpal_distal_interphalangeal_3
2.6226043701171875e-06 4.658055305480957 -4.589557647705078e-06
l_carpometacarpal_4
2.384185791015625e-06 24.263221740722656 -3.3676624298095703e-06
l_metacarpophalangeal_4
-0.07770776748657227 -1.8693630695343018 -0.8105089664459229
l_carpal_proximal_interphalangeal_4
-1.430511474609375e-06 6.790749549865723 -1.049041748046875e-05
l_carpal_distal_interphalangeal_4
-1.430511474609375e-06 3.8878889083862305 3.814697265625e-06
l_carpometacarpal_5
2.384185791015625e-06 24.263221740722656 -3.3676624298095703e-06
l_metacarpophalangeal_5
-0.6417710781097412 -4.1090898513793945 -2.199522018432617
l_carpal_proximal_interphalangeal_5
1.7881393432617188e-07 5.279386520385742 1.0132789611816406e-05
l_carpal_distal_interphalangeal_5
-4.76837158203125e-07 3.325723648071289 -1.6689300537109375e-06
vc7
2.5331974029541016e-07 9.21773624420166 1.9744038581848145e-07
vc3
2.9206275939941406e-06 11.781155586242676 1.2516975402832031e-06
skullbase
-8.344650268554688e-07 6.889364242553711 2.0513543859124184e-06
r_sternoclavicular
2.5331974029541016e-07 9.21773624420166 1.9744038581848145e-07
r_shoulder
-12.67906379699707 -4.261022567749023 -9.177140235900879
r_elbow
3.814697265625e-06 16.002243041992188 7.867813110351562e-06
r_radiocarpal
-4.76837158203125e-06 23.230697631835938 -9.5367431640625e-07
r_carpometacarpal_1
9.410083293914795e-06 25.465185165405273 0.0
r_metacarpophalangeal_1
-1.9073486328125e-06 3.48222017288208 4.76837158203125e-07
r_carpal_interphalangeal_1
2.384185791015625e-06 3.548992156982422 -1.52587890625e-05
r_carpometacarpal_2
9.410083293914795e-06 25.465185165405273 0.0
r_metacarpophalangeal_2
-2.1315736770629883 4.705785751342773 1.2187161445617676
r_carpal_proximal_interphalangeal_2
4.76837158203125e-07 8.012264251708984 6.318092346191406e-06
r_carpal_distal_interphalangeal_2
1.1920928955078125e-06 3.8784782886505127 -5.0067901611328125e-06
r_carpometacarpal_3
9.410083293914795e-06 25.465185165405273 0.0
r_metacarpophalangeal_3
-0.2658146619796753 0.9300680160522461 2.4870877265930176
r_carpal_proximal_interphalangeal_3
-7.152557373046875e-07 8.259028434753418 0.0
r_carpal_distal_interphalangeal_3
-4.76837158203125e-07 4.430699348449707 -8.106231689453125e-06
r_carpometacarpal_4
9.410083293914795e-06 25.465185165405273 0.0
r_metacarpophalangeal_4
0.4136086702346802 -0.9237794876098633 1.2120003700256348
r_carpal_proximal_interphalangeal_4
-1.1920928955078125e-05 7.190261363983154 3.5762786865234375e-06
r_carpal_distal_interphalangeal_4
-1.1026859283447266e-05 4.485106468200684 -2.384185791015625e-07
r_carpometacarpal_5
9.410083293914795e-06 25.465185165405273 0.0
r_metacarpophalangeal_5
1.3691188097000122 -3.357139825820923 -2.0509438514709473
r_carpal_proximal_interphalangeal_5
1.0728836059570312e-06 5.570276260375977 4.410743713378906e-06
r_carpal_distal_interphalangeal_5
1.5795230865478516e-06 2.004265546798706 -9.5367431640625e-07
